0.62 1.77
0.78 1.38
0.52 1.64
0.75 1.40
0.72 1.50
0.45 1.03
0.39 1.45
0.32 1.40
0.93 1.82
0.94 1.05
0.95 1.59
0.64 1.46
0.23 1.58
0.63 1.41
0.96 1.17
0.67 1.73
0.47 1.49
0.14 1.77
0.42 1.00
0.99 1.77
0.26 1.79
0.11 1.62
0.14 1.58
0.85 1.88
0.13 1.39
0.16 1.57
0.73 1.81
0.99 1.14
0.13 1.05
0.09 1.04
0.25 1.44
0.98 1.22
0.94 1.09
0.19 1.68
0.73 1.73
0.16 1.49
0.46 1.06
0.38 1.02
0.46 1.70
0.97 1.80
0.46 1.63
0.80 1.18
0.29 1.65
0.82 1.58
0.88 1.52
0.31 1.49
0.73 1.25
0.17 1.26
0.36 1.94
0.88 1.10
0.23 1.79
0.25 1.98
0.79 1.23
0.28 1.82
0.97 1.93
0.09 1.05
0.90 1.09
0.93 1.57
0.11 1.33
0.23 1.02
0.43 1.71
0.39 1.49
0.76 1.05
0.71 1.73
0.31 1.48
0.67 1.73
0.57 1.52
0.24 1.80
0.18 1.78
0.69 1.36
0.75 1.19
0.25 1.22
0.51 1.34
0.08 1.03
0.90 1.85
0.40 1.57
0.95 1.48
0.04 1.56
0.79 1.08
0.36 1.86
0.51 1.56
0.10 1.66
0.74 1.39
0.41 1.42
0.37 1.02
0.21 1.99
0.34 1.50
0.96 1.23
0.26 1.24
0.51 1.72
0.19 1.49
0.60 1.15
0.83 1.47
0.07 1.21
0.34 1.58
0.14 1.48
0.90 1.92
0.10 1.28
0.16 1.77
0.05 1.23
0.47 1.06
0.40 1.61
0.12 1.90
0.65 1.91
0.48 1.87
0.30 1.33
0.17 1.23
0.65 1.74
0.44 1.95
0.46 1.26
0.43 1.91
0.26 1.70
0.79 1.59
0.38 1.10
0.20 1.08
0.01 1.71
0.61 1.84
0.82 1.70
0.58 1.73
0.53 1.23
0.26 1.56
0.34 1.23
0.84 1.14
0.39 1.30
0.96 1.19
0.15 1.68
0.19 1.09
0.10 1.26
0.60 1.18
0.59 1.02
0.86 1.04
0.31 1.32
0.07 1.86
0.94 1.37
0.52 1.32
0.61 1.47
0.13 1.25
0.20 1.81
0.34 1.18
0.85 1.41
0.20 1.89
0.55 1.61
0.05 1.03
0.59 1.17
0.81 1.91
0.51 1.49
0.43 1.13
0.85 1.21
0.72 1.63
0.83 1.09
