2.34 3.13
2.16 3.02
2.64 3.57
2.89 3.13
2.71 3.12
2.60 3.57
2.18 3.06
2.60 3.74
2.95 3.40
2.52 3.34
2.44 3.57
2.34 3.38
2.12 3.81
2.01 3.35
2.55 3.24
2.44 3.85
2.16 3.12
2.78 3.96
2.57 3.42
2.77 3.83
2.53 3.62
2.98 3.20
2.14 3.20
2.50 3.25
2.78 3.19
2.85 3.61
2.46 3.93
2.46 3.15
2.15 3.43
2.12 3.43
2.55 3.13
2.11 3.61
2.97 3.66
2.81 3.28
2.50 3.35
2.47 3.25
2.58 3.93
2.01 3.39
2.86 3.05
2.42 3.57
2.68 3.28
2.95 3.33
2.46 3.55
2.60 3.56
2.58 3.51
2.74 3.12
2.76 3.64
2.43 3.58
2.31 3.20
2.95 3.38
2.46 3.45
2.77 3.92
2.22 3.77
2.46 3.82
2.07 3.71
2.53 3.18
2.43 3.36
2.65 3.80
2.36 3.44
2.38 3.81
2.97 3.77
2.44 3.00
2.11 3.86
2.69 3.92
2.19 3.28
2.12 3.40
2.06 3.40
2.24 3.62
2.42 3.80
2.83 3.87
2.11 3.82
2.31 3.58
2.85 3.56
2.40 3.02
2.64 3.23
2.42 3.20
2.92 3.81
2.85 3.16
2.14 3.98
2.50 3.26
2.92 3.66
2.48 3.85
2.25 3.52
2.96 3.02
2.05 3.04
2.99 3.90
2.42 3.60
2.25 3.32
2.79 3.62
2.88 3.32
2.92 3.13
2.08 3.37
2.53 3.57
2.05 3.69
2.66 3.32
2.27 3.77
2.13 3.15
2.69 3.66
2.92 3.55
2.22 3.86
2.52 3.11
2.75 3.10
2.47 3.43
2.28 3.27
2.97 3.81
2.17 3.81
2.36 3.48
3.00 3.35
2.21 3.95
2.85 3.33
2.57 3.12
2.83 3.26
2.57 3.26
2.02 3.18
2.66 3.87
2.51 3.22
2.88 3.33
2.60 3.87
2.67 3.57
2.83 3.82
2.47 3.27
2.02 3.98
2.42 3.54
2.08 3.82
2.29 3.62
2.91 3.35
2.74 3.91
2.49 3.44
2.07 3.25
2.20 3.06
2.13 3.10
2.61 3.38
2.87 3.38
2.45 3.02
2.60 3.73
2.60 3.52
2.45 3.70
2.88 3.56
2.04 3.41
2.84 3.16
2.03 3.87
2.20 3.10
2.49 3.09
2.20 3.90
2.87 3.77
2.89 3.14
2.56 3.79
2.77 3.42
2.52 3.68
2.34 3.32
